%YAML:1.0
---
R: !!opencv-matrix
   rows: 3
   cols: 3
   dt: d
   data: [0.999895055226982,0.0117791033634289,0.00843393482217525,-0.0117805353976666,0.999930599868628,.000120133717728248,-0.00843193443851206,-0.000219477378036802,0.999964426522916]
T: !!opencv-matrix
   rows: 3
   cols: 1
   dt: d
   data: [ 0.130903435660973,-11.0631286962002,0.203043576384326]
E: !!opencv-matrix
   rows: 3
   cols: 3
   dt: d
   data: [0]
F: !!opencv-matrix
   rows: 3
   cols: 3
   dt: d
   data: [-5.40939684112241e-07,-1.15577826740318e-06,-0.0228544093864696,1.14201130980073e-06,-1.36247325627585e-08,0.000643316764527639,0.0295942164673852,0.000378319536204022,-2.09694741693259]
