%YAML:1.0
---
R: !!opencv-matrix
   rows: 3
   cols: 3
   dt: d
   data: [ 9.9986554242259207e-01, -1.3717775674507427e-02,
       -8.9844146453549410e-03, 1.3770254002367331e-02,
       9.9988833214258244e-01, 5.8054586240111356e-03,
       8.9037733959295342e-03, -5.9283957078379215e-03,
       9.9994278683514948e-01 ]
T: !!opencv-matrix
   rows: 3
   cols: 1
   dt: d
   data: [ 1.7670210057574571e+00, 3.5287769535064588e+00,
       5.6436871310112497e+00 ]
E: !!opencv-matrix
   rows: 3
   cols: 3
   dt: d
   data: [ -4.6295574945116581e-02, -5.6639768987064798e+00,
       3.4958108688829470e+00, 5.6271951398908540e+00,
       -6.6943234294124770e-02, -1.8176251342070191e+00,
       -3.5039701546292785e+00, 1.8152306569613057e+00,
       4.1962362677957873e-02 ]
F: !!opencv-matrix
   rows: 3
   cols: 3
   dt: d
   data: [ -1.5441172174172182e-06, -1.8948724397823912e-04,
       8.9978003228952733e-02, 1.8246302365698306e-04,
       -2.1772450148799399e-06, -8.1159387495292834e-02,
       -9.8865912642731882e-02, 9.2387998145402939e-02,
       9.9999999999999989e-01 ]
