%YAML:1.0
---
M1: !!opencv-matrix
   rows: 3
   cols: 3
   dt: d
   data: [ 3.8842517559395606e+02, 0., 3.2211776865307252e+02, 0.,
       3.8724841463618810e+02, 2.3321499240410895e+02, 0., 0., 1. ]
D1: !!opencv-matrix
   rows: 1
   cols: 14
   dt: d
   data: [ -1.3115573794310337e-01, 1.8649707821040867e-01, 0., 0., 0.,
       0., 0., -1.9734569766976426e-01, 0., 0., 0., 0., 0., 0. ]
M2: !!opencv-matrix
   rows: 3
   cols: 3
   dt: d
   data: [ 4.8518594609902578e+02, 0., 3.2938555424719272e+02, 0.,
       4.9907533229169377e+02, 2.3386154246231183e+02, 0., 0., 1. ]
D2: !!opencv-matrix
   rows: 1
   cols: 14
   dt: d
   data: [ 1.8624626192069801e-01, -1.0236490682251937e+00, 0., 0., 0.,
       0., 0., -1.3816335977923626e+00, 0., 0., 0., 0., 0., 0. ]
