%YAML:1.0
---
M1: !!opencv-matrix
   rows: 3
   cols: 3
   dt: d
   data: [ 3.726591437775720e+02, 0., 3.214144023188996e+02, 0.,
       3.724593276236932e+02, 2.381386930698712e+02, 0., 0., 1. ]
D1: !!opencv-matrix
   rows: 1
   cols: 14
   dt: d
   data: [ 0, 0, 0., 0., 0.,
       0., 0., 0, 0., 0., 0., 0., 0., 0. ]
M2: !!opencv-matrix
   rows: 3
   cols: 3
   dt: d
   data: [ 4.747220585231347e+02, 0., 3.232437127750988e+02, 0.,
       4.744531767851477e+02, 2.352447363074920e+02, 0., 0., 1. ]
D2: !!opencv-matrix
   rows: 1
   cols: 14
   dt: d
   data: [0, 0, 0., 0., 0.,
       0., 0., 0, 0., 0., 0., 0., 0., 0. ]
